Best Fitness: 14.6
Epidemic Profile
V0   [0  23]: 11 10 13 17 16 12 7 3 2 0 12 11 7 7 4 5 5 3 7 5 4 3 1 0 
Self-Driving Automata
->0
0) 01 0->4 1->5
1) 0 0->7 1->10
2) 1 0->10 1->10
3) 1 0->9 1->7
4) 10 0->5 1->7
5) 0 0->5 1->0
6) 00 0->7 1->7
7) 0 0->3 1->7
8) 11 0->8 1->7
9) 00 0->7 1->1
10) 0 0->8 1->10
11) 10 0->6 1->1
Graph
256	256	309
3	4	8	14	15	22	31	32	42	54	55	68	83	84	100	118	119	138	159	160	182	206	207	232
5	6	34	64	65	96	129	130	164	200	201	238
24	25	65	107	108	151	196	197	243
0	39	40	89	140	141	193	247	248
0	52	109	110	168	228	229
1	40	103	104	168	234	235
1	53	122	123	193
17	18	91	166	167	243
0	74	75	154	235	236
72	156	157	242
84	85	173
19	20	111	204	205
56	152	153	250
107	108	208
0	69	70	173
0	38	39	145	253	254
124	235	236
7	110	224	225
7	103	220	221
11	103	223	224
11	110	233	234
124	250	251
0	145
42	43	173
2	74	75	208
2	113	114	250
159	160
71	212	213
128
46	47	192
114	115
0	39	189	190
0	118
49	50	204
1	139	140
77	236	237
178
122	123
15	69	234	235
3	15	31	185
3	5	138	139
94
0	23	52	53	225
23	187	188
152
119	120
29	89
29	61	62	243
219	220
33	198
33	179	180
163
4	42	149	150
6	42	138
0	129	130
0	123
12	119	120
118
119	120
123
129	130
47	138
47	149	150
163
1	179	180
1	2	198
219	220
243
0
14	38	83	84
14	113
27	145	146
9	180
217	218
8	24
8	24	77
120	121
35	75	166
214	215

90
144	145
201
0	69
0	10	69	89	90
10	152
217	218

118
3	46	84	189	190
80	84
7	99
176	177

41	95
94	178	179
1
106
195	196
91
0	132
227	228

5	18	19	173
5
124	125
97	229
2	13
2	13	189	190
4
4	17	20	155
11
126	127
25	70	244
25	30
30	224	225

210
0	32	57	88
0	45	56	58	201	202
45	56	58	76
76	198
6	37
6	37	55	59	200	201
16	21	105
105	208
112
112	221	222
28
1	54	60	240
1	54	60

100	141	142

173

210	211

0	40	53	61	253
34	40
3	34
3	132	187	188
132
243
81
15	22	71	81
71	195	196


52	62	158
52	62
2	234	235
12	44	85
12
8	215
110
9
9	206	207
149
0	26
0	26	208


51	63	220	221
1

7	77	243
7
4	5

191	192


10	14	23	103	134	238


92
92	217	218
36	95
50	64	95
50	64	72
214
0


39	228	229

43	141
43	141
31	89	108
31	89	108	195
170
29	170
3	6
248	249
98	146	190
2	98	146
2
49	65	121

1	123	208
1	82	119	123
119

11	33
11	254	255
0	157
0	157
13	24	125	160	200

117	136
136
27	240
27
78	181
78	154

73	86	177
73	86	177
48	66
18	48	66	163	241	242
18	127	163
127
19
17	19	115
17	42	115

101
4	101	185
4	106	185

233
0
20	231
5	20	38	151
5	8	16	38	151
8	16	35
35
1	173

129	212
220
9	220
2	7	47	67	143	166
113


3
3	194
194
12	21	25
21

15	138
15	205
205

